CPU CORE SOCKET NODE ONLINE    MAXMHZ    MINMHZ
  0    0      0    0    yes 4517.1870 1500.0000
  1    1      0    0    yes 4517.1870 1500.0000
  2    2      0    0    yes 4517.1870 1500.0000
  3    3      0    0    yes 4517.1870 1500.0000
  4    4      0    0    yes 4517.1870 1500.0000
  5    5      0    0    yes 4517.1870 1500.0000
  6    6      0    0    yes 4517.1870 1500.0000
  7    7      0    0    yes 4517.1870 1500.0000
  8    8      0    0    yes 4517.1870 1500.0000
  9    9      0    0    yes 4517.1870 1500.0000
 10   10      0    0    yes 4517.1870 1500.0000
 11   11      0    0    yes 4517.1870 1500.0000
 12   12      0    0    yes 4517.1870 1500.0000
 13   13      0    0    yes 4517.1870 1500.0000
 14   14      0    0    yes 4517.1870 1500.0000
 15   15      0    0    yes 4517.1870 1500.0000
 16   16      0    0    yes 4517.1870 1500.0000
 17   17      0    0    yes 4517.1870 1500.0000
 18   18      0    0    yes 4517.1870 1500.0000
 19   19      0    0    yes 4517.1870 1500.0000
 20   20      0    0    yes 4517.1870 1500.0000
 21   21      0    0    yes 4517.1870 1500.0000
 22   22      0    0    yes 4517.1870 1500.0000
 23   23      0    0    yes 4517.1870 1500.0000
 24   24      0    0    yes 4517.1870 1500.0000
 25   25      0    0    yes 4517.1870 1500.0000
 26   26      0    0    yes 4517.1870 1500.0000
 27   27      0    0    yes 4517.1870 1500.0000
 28   28      0    0    yes 4517.1870 1500.0000
 29   29      0    0    yes 4517.1870 1500.0000
 30   30      0    0    yes 4517.1870 1500.0000
 31   31      0    0    yes 4517.1870 1500.0000
 32   32      0    0    yes 4517.1870 1500.0000
 33   33      0    0    yes 4517.1870 1500.0000
 34   34      0    0    yes 4517.1870 1500.0000
 35   35      0    0    yes 4517.1870 1500.0000
 36   36      0    0    yes 4517.1870 1500.0000
 37   37      0    0    yes 4517.1870 1500.0000
 38   38      0    0    yes 4517.1870 1500.0000
 39   39      0    0    yes 4517.1870 1500.0000
 40   40      0    0    yes 4517.1870 1500.0000
 41   41      0    0    yes 4517.1870 1500.0000
 42   42      0    0    yes 4517.1870 1500.0000
 43   43      0    0    yes 4517.1870 1500.0000
 44   44      0    0    yes 4517.1870 1500.0000
 45   45      0    0    yes 4517.1870 1500.0000
 46   46      0    0    yes 4517.1870 1500.0000
 47   47      0    0    yes 4517.1870 1500.0000
 48   48      0    0    yes 4517.1870 1500.0000
 49   49      0    0    yes 4517.1870 1500.0000
 50   50      0    0    yes 4517.1870 1500.0000
 51   51      0    0    yes 4517.1870 1500.0000
 52   52      0    0    yes 4517.1870 1500.0000
 53   53      0    0    yes 4517.1870 1500.0000
 54   54      0    0    yes 4517.1870 1500.0000
 55   55      0    0    yes 4517.1870 1500.0000
 56   56      0    0    yes 4517.1870 1500.0000
 57   57      0    0    yes 4517.1870 1500.0000
 58   58      0    0    yes 4517.1870 1500.0000
 59   59      0    0    yes 4517.1870 1500.0000
 60   60      0    0    yes 4517.1870 1500.0000
 61   61      0    0    yes 4517.1870 1500.0000
 62   62      0    0    yes 4517.1870 1500.0000
 63   63      0    0    yes 4517.1870 1500.0000
 64   64      0    0    yes 4517.1870 1500.0000
 65   65      0    0    yes 4517.1870 1500.0000
 66   66      0    0    yes 4517.1870 1500.0000
 67   67      0    0    yes 4517.1870 1500.0000
 68   68      0    0    yes 4517.1870 1500.0000
 69   69      0    0    yes 4517.1870 1500.0000
 70   70      0    0    yes 4517.1870 1500.0000
 71   71      0    0    yes 4517.1870 1500.0000
 72   72      0    0    yes 4517.1870 1500.0000
 73   73      0    0    yes 4517.1870 1500.0000
 74   74      0    0    yes 4517.1870 1500.0000
 75   75      0    0    yes 4517.1870 1500.0000
 76   76      0    0    yes 4517.1870 1500.0000
 77   77      0    0    yes 4517.1870 1500.0000
 78   78      0    0    yes 4517.1870 1500.0000
 79   79      0    0    yes 4517.1870 1500.0000
 80   80      0    0    yes 4517.1870 1500.0000
 81   81      0    0    yes 4517.1870 1500.0000
 82   82      0    0    yes 4517.1870 1500.0000
 83   83      0    0    yes 4517.1870 1500.0000
 84   84      1    1    yes 4517.1870 1500.0000
 85   85      1    1    yes 4517.1870 1500.0000
 86   86      1    1    yes 4517.1870 1500.0000
 87   87      1    1    yes 4517.1870 1500.0000
 88   88      1    1    yes 4517.1870 1500.0000
 89   89      1    1    yes 4517.1870 1500.0000
 90   90      1    1    yes 4517.1870 1500.0000
 91   91      1    1    yes 4517.1870 1500.0000
 92   92      1    1    yes 4517.1870 1500.0000
 93   93      1    1    yes 4517.1870 1500.0000
 94   94      1    1    yes 4517.1870 1500.0000
 95   95      1    1    yes 4517.1870 1500.0000
 96   96      1    1    yes 4517.1870 1500.0000
 97   97      1    1    yes 4517.1870 1500.0000
 98   98      1    1    yes 4517.1870 1500.0000
 99   99      1    1    yes 4517.1870 1500.0000
100  100      1    1    yes 4517.1870 1500.0000
101  101      1    1    yes 4517.1870 1500.0000
102  102      1    1    yes 4517.1870 1500.0000
103  103      1    1    yes 4517.1870 1500.0000
104  104      1    1    yes 4517.1870 1500.0000
105  105      1    1    yes 4517.1870 1500.0000
106  106      1    1    yes 4517.1870 1500.0000
107  107      1    1    yes 4517.1870 1500.0000
108  108      1    1    yes 4517.1870 1500.0000
109  109      1    1    yes 4517.1870 1500.0000
110  110      1    1    yes 4517.1870 1500.0000
111  111      1    1    yes 4517.1870 1500.0000
112  112      1    1    yes 4517.1870 1500.0000
113  113      1    1    yes 4517.1870 1500.0000
114  114      1    1    yes 4517.1870 1500.0000
115  115      1    1    yes 4517.1870 1500.0000
116  116      1    1    yes 4517.1870 1500.0000
117  117      1    1    yes 4517.1870 1500.0000
118  118      1    1    yes 4517.1870 1500.0000
119  119      1    1    yes 4517.1870 1500.0000
120  120      1    1    yes 4517.1870 1500.0000
121  121      1    1    yes 4517.1870 1500.0000
122  122      1    1    yes 4517.1870 1500.0000
123  123      1    1    yes 4517.1870 1500.0000
124  124      1    1    yes 4517.1870 1500.0000
125  125      1    1    yes 4517.1870 1500.0000
126  126      1    1    yes 4517.1870 1500.0000
127  127      1    1    yes 4517.1870 1500.0000
128  128      1    1    yes 4517.1870 1500.0000
129  129      1    1    yes 4517.1870 1500.0000
130  130      1    1    yes 4517.1870 1500.0000
131  131      1    1    yes 4517.1870 1500.0000
132  132      1    1    yes 4517.1870 1500.0000
133  133      1    1    yes 4517.1870 1500.0000
134  134      1    1    yes 4517.1870 1500.0000
135  135      1    1    yes 4517.1870 1500.0000
136  136      1    1    yes 4517.1870 1500.0000
137  137      1    1    yes 4517.1870 1500.0000
138  138      1    1    yes 4517.1870 1500.0000
139  139      1    1    yes 4517.1870 1500.0000
140  140      1    1    yes 4517.1870 1500.0000
141  141      1    1    yes 4517.1870 1500.0000
142  142      1    1    yes 4517.1870 1500.0000
143  143      1    1    yes 4517.1870 1500.0000
144  144      1    1    yes 4517.1870 1500.0000
145  145      1    1    yes 4517.1870 1500.0000
146  146      1    1    yes 4517.1870 1500.0000
147  147      1    1    yes 4517.1870 1500.0000
148  148      1    1    yes 4517.1870 1500.0000
149  149      1    1    yes 4517.1870 1500.0000
150  150      1    1    yes 4517.1870 1500.0000
151  151      1    1    yes 4517.1870 1500.0000
152  152      1    1    yes 4517.1870 1500.0000
153  153      1    1    yes 4517.1870 1500.0000
154  154      1    1    yes 4517.1870 1500.0000
155  155      1    1    yes 4517.1870 1500.0000
156  156      1    1    yes 4517.1870 1500.0000
157  157      1    1    yes 4517.1870 1500.0000
158  158      1    1    yes 4517.1870 1500.0000
159  159      1    1    yes 4517.1870 1500.0000
160  160      1    1    yes 4517.1870 1500.0000
161  161      1    1    yes 4517.1870 1500.0000
162  162      1    1    yes 4517.1870 1500.0000
163  163      1    1    yes 4517.1870 1500.0000
164  164      1    1    yes 4517.1870 1500.0000
165  165      1    1    yes 4517.1870 1500.0000
166  166      1    1    yes 4517.1870 1500.0000
167  167      1    1    yes 4517.1870 1500.0000
168    0      0    0    yes 4517.1870 1500.0000
169    1      0    0    yes 4517.1870 1500.0000
170    2      0    0    yes 4517.1870 1500.0000
171    3      0    0    yes 4517.1870 1500.0000
172    4      0    0    yes 4517.1870 1500.0000
173    5      0    0    yes 4517.1870 1500.0000
174    6      0    0    yes 4517.1870 1500.0000
175    7      0    0    yes 4517.1870 1500.0000
176    8      0    0    yes 4517.1870 1500.0000
177    9      0    0    yes 4517.1870 1500.0000
178   10      0    0    yes 4517.1870 1500.0000
179   11      0    0    yes 4517.1870 1500.0000
180   12      0    0    yes 4517.1870 1500.0000
181   13      0    0    yes 4517.1870 1500.0000
182   14      0    0    yes 4517.1870 1500.0000
183   15      0    0    yes 4517.1870 1500.0000
184   16      0    0    yes 4517.1870 1500.0000
185   17      0    0    yes 4517.1870 1500.0000
186   18      0    0    yes 4517.1870 1500.0000
187   19      0    0    yes 4517.1870 1500.0000
188   20      0    0    yes 4517.1870 1500.0000
189   21      0    0    yes 4517.1870 1500.0000
190   22      0    0    yes 4517.1870 1500.0000
191   23      0    0    yes 4517.1870 1500.0000
192   24      0    0    yes 4517.1870 1500.0000
193   25      0    0    yes 4517.1870 1500.0000
194   26      0    0    yes 4517.1870 1500.0000
195   27      0    0    yes 4517.1870 1500.0000
196   28      0    0    yes 4517.1870 1500.0000
197   29      0    0    yes 4517.1870 1500.0000
198   30      0    0    yes 4517.1870 1500.0000
199   31      0    0    yes 4517.1870 1500.0000
200   32      0    0    yes 4517.1870 1500.0000
201   33      0    0    yes 4517.1870 1500.0000
202   34      0    0    yes 4517.1870 1500.0000
203   35      0    0    yes 4517.1870 1500.0000
204   36      0    0    yes 4517.1870 1500.0000
205   37      0    0    yes 4517.1870 1500.0000
206   38      0    0    yes 4517.1870 1500.0000
207   39      0    0    yes 4517.1870 1500.0000
208   40      0    0    yes 4517.1870 1500.0000
209   41      0    0    yes 4517.1870 1500.0000
210   42      0    0    yes 4517.1870 1500.0000
211   43      0    0    yes 4517.1870 1500.0000
212   44      0    0    yes 4517.1870 1500.0000
213   45      0    0    yes 4517.1870 1500.0000
214   46      0    0    yes 4517.1870 1500.0000
215   47      0    0    yes 4517.1870 1500.0000
216   48      0    0    yes 4517.1870 1500.0000
217   49      0    0    yes 4517.1870 1500.0000
218   50      0    0    yes 4517.1870 1500.0000
219   51      0    0    yes 4517.1870 1500.0000
220   52      0    0    yes 4517.1870 1500.0000
221   53      0    0    yes 4517.1870 1500.0000
222   54      0    0    yes 4517.1870 1500.0000
223   55      0    0    yes 4517.1870 1500.0000
224   56      0    0    yes 4517.1870 1500.0000
225   57      0    0    yes 4517.1870 1500.0000
226   58      0    0    yes 4517.1870 1500.0000
227   59      0    0    yes 4517.1870 1500.0000
228   60      0    0    yes 4517.1870 1500.0000
229   61      0    0    yes 4517.1870 1500.0000
230   62      0    0    yes 4517.1870 1500.0000
231   63      0    0    yes 4517.1870 1500.0000
232   64      0    0    yes 4517.1870 1500.0000
233   65      0    0    yes 4517.1870 1500.0000
234   66      0    0    yes 4517.1870 1500.0000
235   67      0    0    yes 4517.1870 1500.0000
236   68      0    0    yes 4517.1870 1500.0000
237   69      0    0    yes 4517.1870 1500.0000
238   70      0    0    yes 4517.1870 1500.0000
239   71      0    0    yes 4517.1870 1500.0000
240   72      0    0    yes 4517.1870 1500.0000
241   73      0    0    yes 4517.1870 1500.0000
242   74      0    0    yes 4517.1870 1500.0000
243   75      0    0    yes 4517.1870 1500.0000
244   76      0    0    yes 4517.1870 1500.0000
245   77      0    0    yes 4517.1870 1500.0000
246   78      0    0    yes 4517.1870 1500.0000
247   79      0    0    yes 4517.1870 1500.0000
248   80      0    0    yes 4517.1870 1500.0000
249   81      0    0    yes 4517.1870 1500.0000
250   82      0    0    yes 4517.1870 1500.0000
251   83      0    0    yes 4517.1870 1500.0000
252   84      1    1    yes 4517.1870 1500.0000
253   85      1    1    yes 4517.1870 1500.0000
254   86      1    1    yes 4517.1870 1500.0000
255   87      1    1    yes 4517.1870 1500.0000
256   88      1    1    yes 4517.1870 1500.0000
257   89      1    1    yes 4517.1870 1500.0000
258   90      1    1    yes 4517.1870 1500.0000
259   91      1    1    yes 4517.1870 1500.0000
260   92      1    1    yes 4517.1870 1500.0000
261   93      1    1    yes 4517.1870 1500.0000
262   94      1    1    yes 4517.1870 1500.0000
263   95      1    1    yes 4517.1870 1500.0000
264   96      1    1    yes 4517.1870 1500.0000
265   97      1    1    yes 4517.1870 1500.0000
266   98      1    1    yes 4517.1870 1500.0000
267   99      1    1    yes 4517.1870 1500.0000
268  100      1    1    yes 4517.1870 1500.0000
269  101      1    1    yes 4517.1870 1500.0000
270  102      1    1    yes 4517.1870 1500.0000
271  103      1    1    yes 4517.1870 1500.0000
272  104      1    1    yes 4517.1870 1500.0000
273  105      1    1    yes 4517.1870 1500.0000
274  106      1    1    yes 4517.1870 1500.0000
275  107      1    1    yes 4517.1870 1500.0000
276  108      1    1    yes 4517.1870 1500.0000
277  109      1    1    yes 4517.1870 1500.0000
278  110      1    1    yes 4517.1870 1500.0000
279  111      1    1    yes 4517.1870 1500.0000
280  112      1    1    yes 4517.1870 1500.0000
281  113      1    1    yes 4517.1870 1500.0000
282  114      1    1    yes 4517.1870 1500.0000
283  115      1    1    yes 4517.1870 1500.0000
284  116      1    1    yes 4517.1870 1500.0000
285  117      1    1    yes 4517.1870 1500.0000
286  118      1    1    yes 4517.1870 1500.0000
287  119      1    1    yes 4517.1870 1500.0000
288  120      1    1    yes 4517.1870 1500.0000
289  121      1    1    yes 4517.1870 1500.0000
290  122      1    1    yes 4517.1870 1500.0000
291  123      1    1    yes 4517.1870 1500.0000
292  124      1    1    yes 4517.1870 1500.0000
293  125      1    1    yes 4517.1870 1500.0000
294  126      1    1    yes 4517.1870 1500.0000
295  127      1    1    yes 4517.1870 1500.0000
296  128      1    1    yes 4517.1870 1500.0000
297  129      1    1    yes 4517.1870 1500.0000
298  130      1    1    yes 4517.1870 1500.0000
299  131      1    1    yes 4517.1870 1500.0000
300  132      1    1    yes 4517.1870 1500.0000
301  133      1    1    yes 4517.1870 1500.0000
302  134      1    1    yes 4517.1870 1500.0000
303  135      1    1    yes 4517.1870 1500.0000
304  136      1    1    yes 4517.1870 1500.0000
305  137      1    1    yes 4517.1870 1500.0000
306  138      1    1    yes 4517.1870 1500.0000
307  139      1    1    yes 4517.1870 1500.0000
308  140      1    1    yes 4517.1870 1500.0000
309  141      1    1    yes 4517.1870 1500.0000
310  142      1    1    yes 4517.1870 1500.0000
311  143      1    1    yes 4517.1870 1500.0000
312  144      1    1    yes 4517.1870 1500.0000
313  145      1    1    yes 4517.1870 1500.0000
314  146      1    1    yes 4517.1870 1500.0000
315  147      1    1    yes 4517.1870 1500.0000
316  148      1    1    yes 4517.1870 1500.0000
317  149      1    1    yes 4517.1870 1500.0000
318  150      1    1    yes 4517.1870 1500.0000
319  151      1    1    yes 4517.1870 1500.0000
320  152      1    1    yes 4517.1870 1500.0000
321  153      1    1    yes 4517.1870 1500.0000
322  154      1    1    yes 4517.1870 1500.0000
323  155      1    1    yes 4517.1870 1500.0000
324  156      1    1    yes 4517.1870 1500.0000
325  157      1    1    yes 4517.1870 1500.0000
326  158      1    1    yes 4517.1870 1500.0000
327  159      1    1    yes 4517.1870 1500.0000
328  160      1    1    yes 4517.1870 1500.0000
329  161      1    1    yes 4517.1870 1500.0000
330  162      1    1    yes 4517.1870 1500.0000
331  163      1    1    yes 4517.1870 1500.0000
332  164      1    1    yes 4517.1870 1500.0000
333  165      1    1    yes 4517.1870 1500.0000
334  166      1    1    yes 4517.1870 1500.0000
335  167      1    1    yes 4517.1870 1500.0000
